function mpc = matpower

%% MATPOWER Case Format : Version 2
mpc.version = '2';

%%%%-----  Power Flow Data  -----%%%%
%%%% system MVA base
mpc.baseMVA = 400;

%%%% bus data
%%	bus_i	type	Pd	Qd	Gs	Bs	area	Vm	Va	baseKV	zone	Vmax	Vmin	lam_P	lam_Q	mu_Vmax	mu_Vmin
mpc.bus = [
	2	1	273.385	0	0	0	1	1	0	380	1	1.05	0.95	0.0000	0.0000	0.0000	0.0000;
	4	1	588.63	0	0	0	1	1	0	380	1	1.05	0.95	0.0000	0.0000	0.0000	0.0000;
	5	1	273.9	0	0	0	1	1	0	380	1	1.05	0.95	0.0000	0.0000	0.0000	0.0000;
	6	1	263.69	0	0	0	1	1	0	380	1	1.05	0.95	0.0000	0.0000	0.0000	0.0000;
	7	1	1662.99	0	0	0	1	1	0	380	1	1.05	0.95	0.0000	0.0000	0.0000	0.0000;
	8	1	326.224	0	0	0	1	1	0	380	1	1.05	0.95	0.0000	0.0000	0.0000	0.0000;
	9	1	253.338	0	0	0	1	1	0	380	1	1.05	0.95	0.0000	0.0000	0.0000	0.0000;
	10	1	265.936	0	0	0	1	1	0	380	1	1.05	0.95	0.0000	0.0000	0.0000	0.0000;
	11	2	-54.0779	0	0	0	1	1	0	380	1	1.05	0.95	0.0000	0.0000	0.0000	0.0000;
	12	2	-59.0329	0	0	0	1	1	0	380	1	1.05	0.95	0.0000	0.0000	0.0000	0.0000;
	13	1	520.827	0	0	0	1	1	0	380	1	1.05	0.95	0.0000	0.0000	0.0000	0.0000;
	14	1	259.77	0	0	0	1	1	0	380	1	1.05	0.95	0.0000	0.0000	0.0000	0.0000;
	15	2	-62.4154	0	0	0	1	1	0	380	1	1.05	0.95	0.0000	0.0000	0.0000	0.0000;
	16	1	314.165	0	0	0	1	1	0	380	1	1.05	0.95	0.0000	0.0000	0.0000	0.0000;
	17	1	411.087	0	0	0	1	1	0	380	1	1.05	0.95	0.0000	0.0000	0.0000	0.0000;
	18	2	-51.0299	0	0	0	1	1	0	380	1	1.05	0.95	0.0000	0.0000	0.0000	0.0000;
	19	2	-109.625	0	0	0	1	1	0	380	1	1.05	0.95	0.0000	0.0000	0.0000	0.0000;
	20	1	626.19	0	0	0	1	1	0	380	1	1.05	0.95	0.0000	0.0000	0.0000	0.0000;
	21	1	241.383	0	0	0	1	1	0	380	1	1.05	0.95	0.0000	0.0000	0.0000	0.0000;
	22	1	147.957	0	0	0	1	1	0	380	1	1.05	0.95	0.0000	0.0000	0.0000	0.0000;
	23	1	661.14	0	0	0	1	1	0	380	1	1.05	0.95	0.0000	0.0000	0.0000	0.0000;
	24	1	180.37	0	0	0	1	1	0	380	1	1.05	0.95	0.0000	0.0000	0.0000	0.0000;
	25	1	633.663	0	0	0	1	1	0	380	1	1.05	0.95	0.0000	0.0000	0.0000	0.0000;
	26	1	326.745	0	0	0	1	1	0	380	1	1.05	0.95	0.0000	0.0000	0.0000	0.0000;
	27	2	-64.2932	0	0	0	1	1	0	380	1	1.05	0.95	0.0000	0.0000	0.0000	0.0000;
	28	1	470.608	0	0	0	1	1	0	380	1	1.05	0.95	0.0000	0.0000	0.0000	0.0000;
	29	2	-42.5823	0	0	0	1	1	0	380	1	1.05	0.95	0.0000	0.0000	0.0000	0.0000;
	30	1	292.787	0	0	0	1	1	0	380	1	1.05	0.95	0.0000	0.0000	0.0000	0.0000;
	32	2	-304.422	0	0	0	1	1	0	380	1	1.05	0.95	0.0000	0.0000	0.0000	0.0000;
	33	1	552.703	0	0	0	1	1	0	380	1	1.05	0.95	0.0000	0.0000	0.0000	0.0000;
	34	1	96.006	0	0	0	1	1	0	380	1	1.05	0.95	0.0000	0.0000	0.0000	0.0000;
	35	1	609.249	0	0	0	1	1	0	380	1	1.05	0.95	0.0000	0.0000	0.0000	0.0000;
	36	1	569.721	0	0	0	1	1	0	380	1	1.05	0.95	0.0000	0.0000	0.0000	0.0000;
	37	1	684.273	0	0	0	1	1	0	380	1	1.05	0.95	0.0000	0.0000	0.0000	0.0000;
	38	1	308.217	0	0	0	1	1	0	380	1	1.05	0.95	0.0000	0.0000	0.0000	0.0000;
	39	1	41.3531	0	0	0	1	1	0	380	1	1.05	0.95	0.0000	0.0000	0.0000	0.0000;
	41	1	235.5	0	0	0	1	1	0	380	1	1.05	0.95	0.0000	0.0000	0.0000	0.0000;
	42	2	-104.516	0	0	0	1	1	0	380	1	1.05	0.95	0.0000	0.0000	0.0000	0.0000;
	43	1	297.35	0	0	0	1	1	0	380	1	1.05	0.95	0.0000	0.0000	0.0000	0.0000;
	44	2	-70.5789	0	0	0	1	1	0	380	1	1.05	0.95	0.0000	0.0000	0.0000	0.0000;
	45	1	351.099	0	0	0	1	1	0	380	1	1.05	0.95	0.0000	0.0000	0.0000	0.0000;
	46	1	672.382	0	0	0	1	1	0	380	1	1.05	0.95	0.0000	0.0000	0.0000	0.0000;
	47	1	644.082	0	0	0	1	1	0	380	1	1.05	0.95	0.0000	0.0000	0.0000	0.0000;
	48	2	-39.2054	0	0	0	1	1	0	380	1	1.05	0.95	0.0000	0.0000	0.0000	0.0000;
	49	1	327.079	0	0	0	1	1	0	380	1	1.05	0.95	0.0000	0.0000	0.0000	0.0000;
	50	1	399.59	0	0	0	1	1	0	380	1	1.05	0.95	0.0000	0.0000	0.0000	0.0000;
	51	1	642.736	0	0	0	1	1	0	380	1	1.05	0.95	0.0000	0.0000	0.0000	0.0000;
	52	2	-77.1955	0	0	0	1	1	0	380	1	1.05	0.95	0.0000	0.0000	0.0000	0.0000;
	53	1	382.895	0	0	0	1	1	0	380	1	1.05	0.95	0.0000	0.0000	0.0000	0.0000;
	54	2	1662.09	0	0	0	1	1	0	380	1	1.05	0.95	0.0000	0.0000	0.0000	0.0000;
	55	1	296.154	0	0	0	1	1	0	380	1	1.05	0.95	0.0000	0.0000	0.0000	0.0000;
	56	2	-205.825	0	0	0	1	1	0	380	1	1.05	0.95	0.0000	0.0000	0.0000	0.0000;
	57	1	648.917	0	0	0	1	1	0	380	1	1.05	0.95	0.0000	0.0000	0.0000	0.0000;
	58	1	294.843	0	0	0	1	1	0	380	1	1.05	0.95	0.0000	0.0000	0.0000	0.0000;
	59	2	-48.8763	0	0	0	1	1	0	380	1	1.05	0.95	0.0000	0.0000	0.0000	0.0000;
	60	2	-179.885	0	0	0	1	1	0	380	1	1.05	0.95	0.0000	0.0000	0.0000	0.0000;
	61	1	346.925	0	0	0	1	1	0	380	1	1.05	0.95	0.0000	0.0000	0.0000	0.0000;
	62	1	271.486	0	0	0	1	1	0	380	1	1.05	0.95	0.0000	0.0000	0.0000	0.0000;
	63	1	1087.49	0	0	0	1	1	0	380	1	1.05	0.95	0.0000	0.0000	0.0000	0.0000;
	64	1	327.439	0	0	0	1	1	0	380	1	1.05	0.95	0.0000	0.0000	0.0000	0.0000;
	65	1	1032.08	0	0	0	1	1	0	380	1	1.05	0.95	0.0000	0.0000	0.0000	0.0000;
	208	2	-64.356	0	0	0	1	1	0	380	1	1.05	0.95	0.0000	0.0000	0.0000	0.0000;
	66	1	69.7817	0	0	0	1	1	0	380	1	1.05	0.95	0.0000	0.0000	0.0000	0.0000;
	67	1	212.458	0	0	0	1	1	0	380	1	1.05	0.95	0.0000	0.0000	0.0000	0.0000;
	68	1	211.879	0	0	0	1	1	0	380	1	1.05	0.95	0.0000	0.0000	0.0000	0.0000;
	69	1	-204.754	0	0	0	1	1	0	380	1	1.05	0.95	0.0000	0.0000	0.0000	0.0000;
	70	1	325.39	0	0	0	1	1	0	380	1	1.05	0.95	0.0000	0.0000	0.0000	0.0000;
	71	1	302.629	0	0	0	1	1	0	380	1	1.05	0.95	0.0000	0.0000	0.0000	0.0000;
	72	1	622.52	0	0	0	1	1	0	380	1	1.05	0.95	0.0000	0.0000	0.0000	0.0000;
	73	3	-118.132	0	0	0	1	1	0	380	1	1.05	0.95	0.0000	0.0000	0.0000	0.0000;
	74	1	649.893	0	0	0	1	1	0	380	1	1.05	0.95	0.0000	0.0000	0.0000	0.0000;
	75	1	354.247	0	0	0	1	1	0	380	1	1.05	0.95	0.0000	0.0000	0.0000	0.0000;
	76	1	395.478	0	0	0	1	1	0	380	1	1.05	0.95	0.0000	0.0000	0.0000	0.0000;
	165	2	-317.601	0	0	0	1	1	0	380	1	1.05	0.95	0.0000	0.0000	0.0000	0.0000;
	166	1	79.2697	0	0	0	1	1	0	380	1	1.05	0.95	0.0000	0.0000	0.0000	0.0000;
	79	2	-32.5477	0	0	0	1	1	0	380	1	1.05	0.95	0.0000	0.0000	0.0000	0.0000;
	80	1	0	0	0	0	1	1	0	380	1	1.05	0.95	0.0000	0.0000	0.0000	0.0000;
	81	1	353.502	0	0	0	1	1	0	380	1	1.05	0.95	0.0000	0.0000	0.0000	0.0000;
	82	1	319.679	0	0	0	1	1	0	380	1	1.05	0.95	0.0000	0.0000	0.0000	0.0000;
	83	1	672.32	0	0	0	1	1	0	380	1	1.05	0.95	0.0000	0.0000	0.0000	0.0000;
	84	1	346.836	0	0	0	1	1	0	380	1	1.05	0.95	0.0000	0.0000	0.0000	0.0000;
	85	1	-96.0746	0	0	0	1	1	0	380	1	1.05	0.95	0.0000	0.0000	0.0000	0.0000;
	86	2	-21.7786	0	0	0	1	1	0	380	1	1.05	0.95	0.0000	0.0000	0.0000	0.0000;
	87	1	134.762	0	0	0	1	1	0	380	1	1.05	0.95	0.0000	0.0000	0.0000	0.0000;
	88	1	261.516	0	0	0	1	1	0	380	1	1.05	0.95	0.0000	0.0000	0.0000	0.0000;
	89	1	297.112	0	0	0	1	1	0	380	1	1.05	0.95	0.0000	0.0000	0.0000	0.0000;
	90	1	682.678	0	0	0	1	1	0	380	1	1.05	0.95	0.0000	0.0000	0.0000	0.0000;
	91	2	-44.5034	0	0	0	1	1	0	380	1	1.05	0.95	0.0000	0.0000	0.0000	0.0000;
	92	1	307.679	0	0	0	1	1	0	380	1	1.05	0.95	0.0000	0.0000	0.0000	0.0000;
	93	2	-29.4767	0	0	0	1	1	0	380	1	1.05	0.95	0.0000	0.0000	0.0000	0.0000;
	94	1	627.529	0	0	0	1	1	0	380	1	1.05	0.95	0.0000	0.0000	0.0000	0.0000;
	95	2	-188.33	0	0	0	1	1	0	380	1	1.05	0.95	0.0000	0.0000	0.0000	0.0000;
	96	1	633.727	0	0	0	1	1	0	380	1	1.05	0.95	0.0000	0.0000	0.0000	0.0000;
	97	2	-67.5202	0	0	0	1	1	0	380	1	1.05	0.95	0.0000	0.0000	0.0000	0.0000;
	98	1	434.3	0	0	0	1	1	0	380	1	1.05	0.95	0.0000	0.0000	0.0000	0.0000;
	100	1	216.627	0	0	0	1	1	0	380	1	1.05	0.95	0.0000	0.0000	0.0000	0.0000;
	101	1	408.774	0	0	0	1	1	0	380	1	1.05	0.95	0.0000	0.0000	0.0000	0.0000;
	102	1	452.178	0	0	0	1	1	0	380	1	1.05	0.95	0.0000	0.0000	0.0000	0.0000;
	103	2	77.0706	0	0	0	1	1	0	380	1	1.05	0.95	0.0000	0.0000	0.0000	0.0000;
	104	1	297.843	0	0	0	1	1	0	380	1	1.05	0.95	0.0000	0.0000	0.0000	0.0000;
	105	1	-47.2366	0	0	0	1	1	0	380	1	1.05	0.95	0.0000	0.0000	0.0000	0.0000;
	106	2	-196.663	0	0	0	1	1	0	380	1	1.05	0.95	0.0000	0.0000	0.0000	0.0000;
	107	2	-256.376	0	0	0	1	1	0	380	1	1.05	0.95	0.0000	0.0000	0.0000	0.0000;
	108	2	-105.376	0	0	0	1	1	0	380	1	1.05	0.95	0.0000	0.0000	0.0000	0.0000;
	109	1	386.093	0	0	0	1	1	0	380	1	1.05	0.95	0.0000	0.0000	0.0000	0.0000;
	110	1	101.138	0	0	0	1	1	0	380	1	1.05	0.95	0.0000	0.0000	0.0000	0.0000;
	111	1	361.531	0	0	0	1	1	0	380	1	1.05	0.95	0.0000	0.0000	0.0000	0.0000;
	112	1	335.402	0	0	0	1	1	0	380	1	1.05	0.95	0.0000	0.0000	0.0000	0.0000;
